# Speed[rad/s]             1             2             3             4             5             6             7             8             9            10             1             2             3             4             5             6             7             8             9            10
  0.000000E+00  0.000000E+00  0.592392E+00  0.592392E+00  0.604170E+00  0.901360E+00  0.901360E+00  0.166359E+01  0.166359E+01  0.168570E+01  0.179001E+01  0.100000E+03  0.456923E+00  0.456923E+00  0.473371E+00  0.474053E+00  0.474053E+00  0.121423E+01  0.121423E+01  0.124460E+01  0.964121E+00
  0.747998E-01  0.000000E+00  0.580719E+00  0.604500E+00  0.604399E+00  0.913315E+00  0.889501E+00  0.165196E+01  0.167570E+01  0.168592E+01  0.179016E+01  0.100000E+03  0.456768E+00  0.456720E+00  0.473186E+00  0.474035E+00  0.474006E+00  0.121410E+01  0.121398E+01  0.124422E+01  0.964252E+00
  0.149600E+00  0.000000E+00  0.569479E+00  0.617041E+00  0.605084E+00  0.925365E+00  0.877737E+00  0.164082E+01  0.168830E+01  0.168658E+01  0.179058E+01  0.100000E+03  0.456255E+00  0.456161E+00  0.472633E+00  0.473953E+00  0.473895E+00  0.121358E+01  0.121335E+01  0.124306E+01  0.964646E+00
  0.224399E+00  0.000000E+00  0.558673E+00  0.630012E+00  0.606223E+00  0.937512E+00  0.866067E+00  0.163016E+01  0.170137E+01  0.168767E+01  0.179129E+01  0.100000E+03  0.455390E+00  0.455250E+00  0.471716E+00  0.473806E+00  0.473721E+00  0.121267E+01  0.121233E+01  0.124112E+01  0.965311E+00
  0.299199E+00  0.000000E+00  0.548297E+00  0.643409E+00  0.607813E+00  0.949757E+00  0.854491E+00  0.161997E+01  0.171493E+01  0.168919E+01  0.179228E+01  0.100000E+03  0.454179E+00  0.453996E+00  0.470443E+00  0.473594E+00  0.473483E+00  0.121138E+01  0.121092E+01  0.123840E+01  0.966258E+00
  0.373999E+00  0.000000E+00  0.538348E+00  0.657227E+00  0.609851E+00  0.962098E+00  0.843008E+00  0.161027E+01  0.172897E+01  0.169115E+01  0.179356E+01  0.100000E+03  0.452634E+00  0.452411E+00  0.468824E+00  0.473318E+00  0.473182E+00  0.120972E+01  0.120915E+01  0.123488E+01  0.967501E+00
  0.448799E+00  0.000000E+00  0.528819E+00  0.671458E+00  0.612329E+00  0.974539E+00  0.831617E+00  0.160105E+01  0.174348E+01  0.169352E+01  0.179513E+01  0.100000E+03  0.450767E+00  0.450508E+00  0.466873E+00  0.472978E+00  0.472820E+00  0.120768E+01  0.120699E+01  0.123056E+01  0.969059E+00
  0.523599E+00  0.000000E+00  0.519705E+00  0.686095E+00  0.615242E+00  0.987078E+00  0.820318E+00  0.159230E+01  0.175846E+01  0.169631E+01  0.179700E+01  0.100000E+03  0.448594E+00  0.448304E+00  0.464605E+00  0.472573E+00  0.472396E+00  0.120527E+01  0.120447E+01  0.122541E+01  0.970957E+00
  0.598399E+00  0.000000E+00  0.510998E+00  0.701128E+00  0.618581E+00  0.999716E+00  0.809110E+00  0.158402E+01  0.177392E+01  0.169951E+01  0.179917E+01  0.100000E+03  0.446133E+00  0.445819E+00  0.462038E+00  0.472105E+00  0.471911E+00  0.120250E+01  0.120159E+01  0.121941E+01  0.973222E+00
  0.673198E+00  0.000000E+00  0.502689E+00  0.716547E+00  0.622338E+00  0.101245E+01  0.797992E+00  0.157622E+01  0.178984E+01  0.170310E+01  0.180164E+01  0.100000E+03  0.443404E+00  0.443073E+00  0.459191E+00  0.471573E+00  0.471367E+00  0.119938E+01  0.119836E+01  0.121254E+01  0.975885E+00
  0.747998E+00  0.000000E+00  0.494769E+00  0.732340E+00  0.626503E+00  0.102529E+01  0.786965E+00  0.156888E+01  0.180623E+01  0.170707E+01  0.180443E+01  0.100000E+03  0.440428E+00  0.440090E+00  0.456085E+00  0.470978E+00  0.470762E+00  0.119591E+01  0.119477E+01  0.120479E+01  0.978980E+00
  0.822798E+00  0.000000E+00  0.487228E+00  0.748492E+00  0.631066E+00  0.103823E+01  0.776030E+00  0.156200E+01  0.182308E+01  0.171141E+01  0.180754E+01  0.100000E+03  0.437227E+00  0.436905E+00  0.452741E+00  0.470320E+00  0.470087E+00  0.119210E+01  0.119086E+01  0.119612E+01  0.982540E+00
  0.897598E+00  0.000000E+00  0.480054E+00  0.764536E+00  0.636016E+00  0.105128E+01  0.765642E+00  0.155558E+01  0.184038E+01  0.171610E+01  0.181098E+01  0.100000E+03  0.433826E+00  0.449168E+00  0.449183E+00  0.469599E+00  0.453718E+00  0.118797E+01  0.118661E+01  0.118652E+01  0.986602E+00
  0.972398E+00  0.000000E+00  0.473237E+00  0.781868E+00  0.641341E+00  0.106442E+01  0.754389E+00  0.154961E+01  0.185813E+01  0.172113E+01  0.181477E+01  0.100000E+03  0.430247E+00  0.429940E+00  0.445434E+00  0.468815E+00  0.468618E+00  0.118351E+01  0.118205E+01  0.117597E+01  0.991196E+00
  0.104720E+01  0.000000E+00  0.466763E+00  0.799028E+00  0.647030E+00  0.107768E+01  0.743715E+00  0.154409E+01  0.187633E+01  0.172648E+01  0.181890E+01  0.100000E+03  0.426516E+00  0.426239E+00  0.441516E+00  0.467968E+00  0.467800E+00  0.117875E+01  0.117718E+01  0.116444E+01  0.996349E+00
