# Speed[rad/s]             1             2             3             4             5             6             7             8             9            10            11            12             1             2             3             4             5             6             7             8             9            10            11            12
  0.000000E+00  0.000000E+00  0.249781E+00  0.254993E+00  0.533744E+00  0.579497E+00  0.621309E+00  0.895297E+00  0.908023E+00  0.134172E+01  0.152041E+01  0.170189E+01  0.180024E+01  0.100000E+03  0.321214E+00  0.329160E+00  0.338179E+00  0.464735E+00  0.492461E+00  0.473313E+00  0.481624E+00  0.734804E+00  0.133464E+01  0.120979E+01  0.102454E+01
  0.747998E-01  0.000000E+00  0.249772E+00  0.254994E+00  0.531276E+00  0.582303E+00  0.621612E+00  0.888182E+00  0.915231E+00  0.134134E+01  0.152118E+01  0.170209E+01  0.180040E+01  0.100000E+03  0.321206E+00  0.329160E+00  0.344844E+00  0.457775E+00  0.492198E+00  0.475482E+00  0.479409E+00  0.736659E+00  0.133257E+01  0.120932E+01  0.102475E+01
  0.149600E+00  0.000000E+00  0.249745E+00  0.254995E+00  0.525160E+00  0.589399E+00  0.622552E+00  0.877146E+00  0.926550E+00  0.134022E+01  0.152349E+01  0.170270E+01  0.180087E+01  0.100000E+03  0.321183E+00  0.329161E+00  0.356642E+00  0.445217E+00  0.491290E+00  0.476289E+00  0.478463E+00  0.742000E+00  0.132658E+01  0.120791E+01  0.102539E+01
  0.224399E+00  0.000000E+00  0.249699E+00  0.254998E+00  0.517327E+00  0.598723E+00  0.624254E+00  0.865719E+00  0.938447E+00  0.133843E+01  0.152725E+01  0.170372E+01  0.180166E+01  0.100000E+03  0.321143E+00  0.329162E+00  0.366032E+00  0.435243E+00  0.489109E+00  0.476514E+00  0.478008E+00  0.750229E+00  0.131727E+01  0.120555E+01  0.102647E+01
  0.299199E+00  0.000000E+00  0.249636E+00  0.255001E+00  0.508861E+00  0.608779E+00  0.627118E+00  0.854253E+00  0.950574E+00  0.133605E+01  0.153239E+01  0.170514E+01  0.180276E+01  0.100000E+03  0.321088E+00  0.329164E+00  0.372259E+00  0.431310E+00  0.482972E+00  0.476538E+00  0.477668E+00  0.760529E+00  0.130547E+01  0.120225E+01  0.102799E+01
  0.373999E+00  0.000000E+00  0.249554E+00  0.255005E+00  0.500256E+00  0.617859E+00  0.632344E+00  0.842827E+00  0.962850E+00  0.133320E+01  0.153878E+01  0.170696E+01  0.180419E+01  0.100000E+03  0.321015E+00  0.329167E+00  0.376138E+00  0.441003E+00  0.464510E+00  0.476462E+00  0.477347E+00  0.772049E+00  0.129205E+01  0.119799E+01  0.102997E+01
  0.448799E+00  0.000000E+00  0.249454E+00  0.255010E+00  0.491740E+00  0.624216E+00  0.641428E+00  0.831469E+00  0.975250E+00  0.132999E+01  0.154630E+01  0.170916E+01  0.180594E+01  0.100000E+03  0.320925E+00  0.329170E+00  0.378372E+00  0.459736E+00  0.437638E+00  0.476329E+00  0.477011E+00  0.784033E+00  0.127777E+01  0.119276E+01  0.103240E+01
  0.523599E+00  0.000000E+00  0.249335E+00  0.255016E+00  0.483429E+00  0.628747E+00  0.653334E+00  0.820194E+00  0.987761E+00  0.132654E+01  0.155483E+01  0.171174E+01  0.180802E+01  0.100000E+03  0.320817E+00  0.329174E+00  0.379423E+00  0.468637E+00  0.420801E+00  0.476169E+00  0.476645E+00  0.795895E+00  0.126325E+01  0.118657E+01  0.103531E+01
  0.598399E+00  0.000000E+00  0.249198E+00  0.255022E+00  0.475383E+00  0.632857E+00  0.666565E+00  0.809013E+00  0.100038E+01  0.132294E+01  0.156428E+01  0.171470E+01  0.181044E+01  0.100000E+03  0.320689E+00  0.329178E+00  0.379591E+00  0.470747E+00  0.410698E+00  0.476009E+00  0.476243E+00  0.807218E+00  0.124893E+01  0.117941E+01  0.103871E+01
  0.673198E+00  0.000000E+00  0.249043E+00  0.255029E+00  0.467634E+00  0.637069E+00  0.680525E+00  0.797939E+00  0.101310E+01  0.131929E+01  0.157454E+01  0.171801E+01  0.181321E+01  0.100000E+03  0.320542E+00  0.329183E+00  0.379067E+00  0.470106E+00  0.403120E+00  0.475889E+00  0.475802E+00  0.817742E+00  0.123510E+01  0.117127E+01  0.104260E+01
  0.747998E+00  0.000000E+00  0.248869E+00  0.255036E+00  0.460198E+00  0.641553E+00  0.694974E+00  0.786997E+00  0.102592E+01  0.131565E+01  0.158553E+01  0.172167E+01  0.181633E+01  0.100000E+03  0.320372E+00  0.329189E+00  0.377997E+00  0.468176E+00  0.396472E+00  0.475870E+00  0.475322E+00  0.827323E+00  0.122194E+01  0.116216E+01  0.104699E+01
  0.822798E+00  0.000000E+00  0.248676E+00  0.255044E+00  0.453083E+00  0.646367E+00  0.709751E+00  0.776249E+00  0.103884E+01  0.131210E+01  0.159717E+01  0.172565E+01  0.181981E+01  0.100000E+03  0.320180E+00  0.329194E+00  0.376479E+00  0.465508E+00  0.390079E+00  0.476049E+00  0.474805E+00  0.835896E+00  0.120954E+01  0.115210E+01  0.105187E+01
  0.897598E+00  0.000000E+00  0.248464E+00  0.255052E+00  0.446291E+00  0.651533E+00  0.724584E+00  0.765905E+00  0.105186E+01  0.130868E+01  0.160940E+01  0.172995E+01  0.182367E+01  0.100000E+03  0.319963E+00  0.329201E+00  0.374594E+00  0.462351E+00  0.383734E+00  0.476375E+00  0.474255E+00  0.843455E+00  0.119796E+01  0.114110E+01  0.105724E+01
  0.972398E+00  0.000000E+00  0.248234E+00  0.255060E+00  0.439817E+00  0.657054E+00  0.738050E+00  0.757349E+00  0.106497E+01  0.130544E+01  0.162217E+01  0.173455E+01  0.182791E+01  0.100000E+03  0.319721E+00  0.329207E+00  0.372406E+00  0.458837E+00  0.383961E+00  0.470205E+00  0.473677E+00  0.850023E+00  0.118721E+01  0.112919E+01  0.106306E+01
  0.104720E+01  0.000000E+00  0.247985E+00  0.255067E+00  0.433658E+00  0.662927E+00  0.739665E+00  0.761034E+00  0.107818E+01  0.130241E+01  0.163543E+01  0.173942E+01  0.183255E+01  0.100000E+03  0.319452E+00  0.329214E+00  0.369971E+00  0.455048E+00  0.441943E+00  0.406294E+00  0.473082E+00  0.855642E+00  0.117731E+01  0.111644E+01  0.106929E+01
